KEY: mnbvc
147
1
138
157
217
139
91
102
93
87
34
100
90
239
92
242
136
28
134
228
25
251
168
9
216
230
194
35
207
114
[8, 96, 110, 85, 183, 104, 210, 109, 236, 48, 188, 65, 226, 44, 59, 175, 0, 20, 33, 225, 40, 141, 213, 61, 78, 127, 3, 26, 170, 242, 57, 123, 35, 71, 152, 60, 233, 34, 93, 134, 155, 105, 251, 67, 163, 10, 7, 195, 149, 173, 14, 216, 83, 235, 101, 36, 135, 169, 132, 166, 211, 145, 97, 125, 247, 197, 100, 54, 201, 156, 209, 237, 99, 5, 159, 223, 143, 200, 202, 138, 238, 106, 185, 254, 164, 119, 244, 30, 193, 12, 32, 174, 190, 46, 250, 168, 89, 55, 172, 84, 144, 129, 111, 62, 9, 53, 219, 45, 248, 80, 23, 148, 108, 212, 178, 86, 75, 50, 229, 137, 94, 179, 150, 114, 241, 4, 19, 249, 199, 115, 56, 121, 130, 208, 218, 147, 39, 158, 117, 64, 192, 234, 154, 122, 11, 112, 157, 120, 204, 37, 103, 194, 73, 43, 142, 68, 102, 92, 70, 131, 182, 214, 116, 224, 87, 27, 167, 196, 220, 113, 252, 76, 243, 98, 82, 21, 51, 22, 253, 140, 42, 118, 181, 217, 17, 79, 184, 187, 240, 69, 47, 74, 1, 31, 207, 165, 128, 139, 221, 66, 88, 171, 72, 232, 126, 245, 52, 191, 107, 29, 230, 215, 162, 133, 136, 18, 2, 198, 189, 81, 186, 16, 227, 25, 63, 90, 28, 246, 255, 38, 228, 239, 160, 222, 146, 177, 161, 176, 13, 153, 58, 49, 77, 180, 203, 41, 231, 206, 205, 15, 124, 151, 24, 95, 91, 6]
ENCRYPTED MESSAGE:  19910522723824923255746362134120750157252602381331071591361041721981637916392
